0000
0001
0002
0003
0004
0005
0007
0008
0011
0012
0013
0015
0017
0019
0020
0021
0022
0023
0024
0025
0026
0027
0032
0035
0036
0037
0039
0042
0043
0046
0048
0050
0056
0057
0060
0061
0063
0065
0070
0080
0083
0086
0087
0095
0098
0100
0101
0103
0104
0105
0107
0115
0117
0122
0130
0137
0143
0147
0148
0149
0150
0156
0160
0176
0183
0189
0190
0200
0214
0224
0235
0237
0240
0243
0258
0265
0269
0299
0312
0326
0327
0331
0335
0341
0348
0366
0377
0380
0394
0407
0411
0430
0446
0455
0472
0474
0476
0478
0493
0494
0496
0505
0559
0733
0860
1017
1589
4541
5004
5005
5006
5007
5009
5010
5012
5013
5017
0016
0033
0034
0041
0044
0047
0049
0058
0062
0064
0067
0071
0076
0078
0090
0094
0099
0102
0121
0129
0133
0141
0151
0162
0168
0175
0177
0178
0181
0185
0186
0197
0204
0205
0209
0212
0217
0223
0229
0231
0238
0252
0257
0271
0275
0277
0281
0285
0286
0290
0294
0303
0306
0307
0323
0349
0360
0387
0389
0402
0406
0412
0443
0482
0768
1001
3346
5000
5001
5002
5003
5008
5011
5014
5015
5016
5018
